14.723 14.767 1.56199999999998
14.667 14.697 1.54600000000002
14.919 14.949 1.55100000000002
14.919 14.959 1.52599999999998
14.852 14.883 1.58000000000001
14.844 14.885 1.72499999999999
15.283 15.324 1.55799999999999
14.82 14.859 1.65000000000001
15.191 15.221 1.608
15.187 15.217 1.59100000000001
14.367 14.392 1.751
14.187 14.217 1.688
14.937 14.969 1.721
15.124 15.156 1.87700000000001
14.998 15.029 1.83699999999999
15.411 15.451 1.67700000000001
15.386 15.428 1.797
15.471 15.503 1.81399999999999
15.313 15.356 1.75699999999998
14.851 14.889 1.76500000000001
